0.8333333333333333
1.0526315789473684
0.5390523280682421
0.36547981268038265
0.9568401296300431
0.7075384650781177
1.0714285714285714
0.5275172979638261
0.9994924843458284
0.3037131972351226
0.6064372609098474
0.7047716515172759
1.0
0.8640726794650602
1.1076265604850406
0.640233414595159
0.4847992572202432
1.0
0.32379984026010744
1.1111111111111112
0.44077646721111013
1.0667842682764652
0.5273615476981068
0.5555814103756914
0.42032073025339445
0.5617487978610349
0.4616628727364608
1.0869565217391304
1.2499999999999998
1.089448104658535
0.8914716476196358
1.0767435681747188
0.6469841789234829
0.6291590252684353
0.29522016576987686
0.937259650564437
0.35445222820088756
0.9163989812742668
0.6157722109221109
0.9239532866688742
0.5758550129149408
1.0316917962296346
1.0416666666666665
0.5236304436798074
1.1538461538461537
0.8759856591845595
1.25
1.0790619565141828
