0.8333333333333333
1.0526315789473684
0.598216682665716
0.441761063865249
1.0139813157039559
0.8159172541031003
1.0714285714285714
0.6262957726324623
1.0534392078680899
0.41192228607865256
0.870002853348175
0.8686404487511031
1.0
0.9217784608592979
1.1788132802425202
0.7362048582401501
0.7389201019546262
1.0
0.46977593687317903
1.1111111111111112
0.558393251057573
1.0833949956122508
0.6117160866334697
0.9287187841361293
0.47699509244160465
0.8408918488690984
0.5183999706810907
1.0869565217391304
1.2499999999999998
1.089448104658535
1.1846935588753558
1.093927339642915
0.8099946672182603
0.7849077853777119
0.4197209118868564
0.9776598807492373
0.4895646180968927
0.9533608870749339
0.7432096893352244
0.9822081126467779
0.7004039679058834
1.0313852793168359
1.0416666666666665
0.7322817150435689
1.1538461538461537
0.9497466760222724
1.25
0.9847074645788464
