0.8333333333333333
1.0526315789473684
0.5514715827950244
0.4127978004064346
1.010441278561125
0.7555936839257389
1.0714285714285714
0.5673200635968654
1.0199647168487107
0.3617566125792727
0.726460161200839
0.7732502493971589
1.0
0.899755065441482
1.1641451378071446
0.6660099829738294
0.5299804369123798
1.0
0.35528080298746145
1.1111111111111112
0.53216997395964
1.0802636261551748
0.5632076074637047
0.7740583617647905
0.4212439321803133
0.6797982602108034
0.47687742132145866
1.0869565217391304
1.2499999999999998
1.089448104658535
1.0172830227865512
1.0927942283866245
0.7075045707561616
0.6770243371622453
0.3366448536364127
0.937259650564437
0.3894601856792999
0.9449066825749664
0.6372219967607086
0.9701702229945965
0.6164967523224011
1.0339829021576281
1.0416666666666665
0.5606932544070989
1.1538461538461537
0.9136786007679261
1.25
0.8942906383523828
