0.0
0.4933389129943752
0.6060798607460189
0.9019517197670092
0.9484485966631152
0.0
0.9340592221918486
0.0
1.0
0.0
0.46366595709169584
1.0
0.6979571046153636
0.0
1.0
0.0
0.0
0.5040675945281925
0.053935178473456656
0.9546331639675616
0.0
0.5317779571148942
0.5165010095088274
0.0
0.29110380802839153
0.5929361304175412
1.0
0.811081493817049
0.0
0.3636605196856992
0.8752851915976508
0.6194787907916567
0.17291217354748448
0.0
0.0
0.0
0.312402787116042
0.47418500520295526
0.8013712667060935
0.6168379090730711
0.31620984267642865
0.0
1.0
0.0
0.5431104172061997
0.4805319698536772
0.0
0.7885118118438814
1.0
0.8322693477543853
1.0
0.27784372340358715
0.0
0.0
0.7764519097940267
1.0
0.7230845563950168
0.0
0.9680819612466767
0.0
0.19813953124790395
0.0
0.539567775699899
1.0
0.0
0.8678149835850276
0.3623098884018321
0.0
1.0
0.45371583451031205
0.0
0.03349864676823132
0.7613744601378166
0.0
1.0
1.0
0.7552216935369741
0.24474165390048397
0.8179404960671138
1.0
0.0
1.0
0.5888966639500441
0.21457358685575356
0.0
0.0
1.0
0.2701651330440189
0.5504594407903081
0.44863691563009306
0.0
0.0
0.4192175427207869
0.0
0.20849213164247904
1.0
0.5242821858181782
0.5289420384715631
0.0
0.0
0.8296054858171894
0.0
0.1622141678452036
0.0
0.825332486287005
0.8662554350213453
0.0
0.5873637254971968
0.4225301180710564
0.0
1.0
1.0
0.0
0.648027890897347
0.0
0.0
1.0
1.0
1.0
0.0
0.0
0.1278233945729349
0.9109860053280877
0.0
0.0
0.0
0.0
1.0
0.0
1.0
0.5670526680366574
0.0
1.0
0.3085030171646709
1.0
1.0
0.8023349836439297
0.0
1.0
1.0
0.0
1.0
1.0
0.0
0.28155142168520503
0.44512675804993296
0.5267046437002074
1.0
0.5362395283861127
0.5289799546031108
0.7338149988725243
0.0303902280792121
0.4824619496092997
0.0
0.4416395038549071
1.0
1.0
0.32195078262181354
0.0
0.3879970118656951
0.7753466757475892
1.0
1.0
0.0
0.5367596860398085
0.4261643131931585
0.307257902670278
0.0
0.0
0.3333992701297907
0.34075247324237
0.0683823376534118
0.24663003486064547
0.7439996891787072
0.27602815860942265
0.0
0.0
0.29895408443075516
0.8210689189280754
0.0
1.0
0.6760459933594098
0.6164896211897936
0.5972877322671859
0.9158195419631362
0.9031966178141733
0.35370344108600354
0.7094307717954517
0.0
1.0
0.0
0.0
1.0
0.45747502783356825
0.0
1.0
1.0
0.0
0.06953050654364051
0.3636605196856992
1.0
0.8132546573311813
0.6593678266994262
1.0
0.8801754742562086
0.8356756670487975
0.8151278480856565
0.8151278480856565
0.3307453365494664
0.04104463544635406
0.0
0.0
0.0
1.0
0.0
0.0
0.0
0.4678161441558644
0.0
0.0
0.3520055582692163
0.0
0.831901535980181
1.0
0.5830440779004016
0.8381395996064177
0.7614434970969901
1.0
0.0
0.42572535531108163
0.0
1.0
0.0
0.24474165390048397
0.0
0.8487330188277104
0.583794949561188
0.0
1.0
0.41008408976408794
0.41583670993661515
0.30314451730771275
0.3562643745893171
0.0
1.0
0.9226238499364036
0.39659121087674304
0.0
1.0
1.0
0.0
1.0
0.0
0.0
0.0
0.18386719427725254
0.711201058280178
1.0
0.0
0.0
0.5535123014507333
1.0
1.0
1.0
0.350462972170299
1.0
0.0
0.0
1.0
0.3241609272296028
1.0
0.0
0.3253761357085299
0.0
0.24792175816728482
0.5225543819695441
0.7644710192357815
0.4697178479145457
0.0
1.0
0.0
0.8866685960649029
0.2266107804493875
0.29642408022260336
0.0
0.0
0.061189973676458044
0.03498726613789187
0.5182696285683794
1.0
0.9340592221918486
0.9680819612466767
0.32390275138693925
1.0
0.0
0.0
1.0
0.839995841576937
0.22801241773915362
0.2624961154856561
0.0
0.7031642097739906
1.0
0.0
1.0
0.41984545521022587
1.0
0.3154988334926363
0.0
1.0
0.2853078872882389
0.5777259211012781
0.8115786350722638
0.5530942784346423
0.7234103959389975
0.3685025212930044
0.6234199469733456
0.3561136812725683
0.8275675170338038
0.7018903056577018
1.0
1.0
0.959491848938798
0.0
0.0
0.6423559692664829
0.0
0.7503197398353705
0.0
0.0
0.0
0.8373210563552711
0.0
0.39280186417133006
0.039230572170430474
1.0
1.0
0.0
0.0
0.0
0.06728813945886468
0.20775933963663584
0.0
0.6748846667427124
0.7998243463739421
0.0
0.266054417528394
0.10710078147206008
0.4677661039240204
0.0
0.0
0.0
1.0
0.0
0.42963831358365506
0.0
0.0
1.0
0.20872888910114398
0.0
1.0
0.8183473398487011
0.8752851915976508
0.0
0.0
0.0
0.0
0.0
0.1747656756388355
0.271346734572118
0.0
1.0
1.0
1.0
0.45697430323311494
0.7392901785188967
0.4452756859401743
0.08268714920770136
0.0
0.7315257732376371
0.8500838304066596
0.45586023064871994
0.5504594407903081
0.0
0.3458290027897385
0.556457130391994
0.05867535112943298
0.5755236760137065
0.23721779024182968
0.0
1.0
0.4379994237938265
1.0
1.0
0.0
1.0
0.8947735606539051
0.4856129371392183
0.796826713950136
0.04121601467831058
0.4786099464573151
0.5917799176205937
0.18244467670816467
0.8944450038587568
0.2524970859482602
1.0
0.3464586115791166
0.3944239398391964
1.0
0.0
0.4793224465455354
0.7908272742818202
0.4076461499566924
0.07347822971490432
0.0
0.8977165067364047
0.0
0.6365632990985083
0.0
1.0
0.8770602232364445
0.0
1.0
0.0
0.2880604741530428
0.2701651330440189
1.0
0.0
0.6146754511804842
1.0
0.8231678011481163
0.39766480282467065
0.0
1.0
0.8625464669539392
0.34306627220573577
0.778228565195997
0.1622141678452036
1.0
0.5053744021099053
0.0
0.0
0.1776392406883407
0.9484485966631152
1.0
0.0665064732148959
0.767653583962389
0.9211786499795172
0.571498657710418
1.0
1.0
0.2725662522150537
0.5913465838798678
0.7053861295991045
0.0
0.0
0.0
0.0
0.5961152135446733
0.0
0.0
1.0
0.0
0.0
0.0
0.9318567900644198
0.8707021974665845
0.0
0.3915882030052698
0.0
0.32806806338590266
0.23449418789366816
1.0
0.3253761357085299
0.0
0.4029515839120614
0.4357438882333678
0.27525910149068666
0.5999704934201211
0.552830097546941
0.45586023064871994
0.0
0.0
0.0
0.9680819612466767
0.555226112381614
1.0
0.0
0.7385182000302822
0.33054480330650937
1.0
0.293248784319964
1.0
0.23115664294795782
0.0
0.7274060609004172
1.0
0.7729754817337294
0.7604535209729233
0.0
